m1 = 100;
k1 = 50;
k2 = 25;
m2 = 20;
b = 50;